<?xml version="1.0"?>
<opencv_storage>
<robotCamTransform type_id="opencv-matrix">
  <rows>4</rows>
  <cols>4</cols>
  <dt>d</dt>
  <data>
    -6.4464394101238082e-02 -9.9062204582083480e-01
    -1.2046702547545715e-01 9.3401444481617446e+00
    -9.8080796618950994e-01 4.0635851534745825e-02
    1.9069468012832208e-01 6.5494857536341833e+00
    -1.8401107399381494e-01 1.3044803526228452e-01
    -9.7422955957199975e-01 5.8395439707576159e+01 0. 0. 0. 1.</data></robotCamTransform>
</opencv_storage>
