<?xml version="1.0"?>
<opencv_storage>
<camera_matrix type_id="opencv-matrix">
  <rows>3</rows>
  <cols>3</cols>
  <dt>d</dt>
  <data>
    8.4473156008047567e+02 0. 3.8512105446682818e+02 0.
    8.4473156008047567e+02 2.9799017709071870e+02 0. 0. 1.</data></camera_matrix>
<distortion_coefficients type_id="opencv-matrix">
  <rows>1</rows>
  <cols>5</cols>
  <dt>d</dt>
  <data>
    -2.4834143621328433e-01 -5.2697481674942648e-01 0. 0.
    1.4174759292963206e+00</data></distortion_coefficients>
</opencv_storage>
